P=[1 0 0 0;.1 .2 .5 .2; .1 .2 .6 .1;0 0 0 1];
P_2=P.^2;
P_4=P.^4;
P_8=P.^8;
P_16=P.^16;
